Random Seed: -618053446

Compound Interest Formula Implied Growth Calculation
Period Start   End Implied Growth
 1 - 2   375   775          0.095
 2 - 3   775  1075          0.831


Structure Life: 15 Initial Period 1 Ages Randomized (Uniformly Distributed)
       Start   End   Start   Midpt  Ending   Dated  Target  Growth
Period  Date  Date   Rooms   rooms   Rooms   Rooms   Rooms  Rate %
     1   200   550      23      27      32     646     646    0.09
     2   550  1000      32      40      51    1215    1215    0.10
     3  1000  1150      51     268    1418    4848    4848    2.25

Occupied Room Counts by Year
  200:     0     23     23     23     23     23     23     23     23     23  
  210:    23     23     23     23     23     23     23     23     23     23  
  220:    23     23     23     23     24     24     24     24     24     24  
  230:    24     24     24     24     24     24     24     24     24     24  
  240:    24     24     24     24     24     24     24     24     24     24  
  250:    24     24     24     24     24     24     24     24     24     24  
  260:    24     24     24     24     24     24     24     24     24     25  
  270:    25     25     25     25     25     25     25     25     25     25  
  280:    25     25     25     25     25     25     25     25     25     25  
  290:    25     25     25     25     25     25     25     25     25     25  
  300:    25     25     25     25     25     25     25     25     25     25  
  310:    25     25     26     26     26     26     26     26     26     26  
  320:    26     26     26     26     26     26     26     26     26     26  
  330:    26     26     26     26     26     26     26     26     26     26  
  340:    26     26     26     26     26     26     26     26     26     26  
  350:    26     26     26     26     27     27     27     27     27     27  
  360:    27     27     27     27     27     27     27     27     27     27  
  370:    27     27     27     27     27     27     27     27     27     27  
  380:    27     27     27     27     27     27     27     27     27     27  
  390:    27     27     27     27     28     28     28     28     28     28  
  400:    28     28     28     28     28     28     28     28     28     28  
  410:    28     28     28     28     28     28     28     28     28     28  
  420:    28     28     28     28     28     28     28     28     28     28  
  430:    28     28     28     29     29     29     29     29     29     29  
  440:    29     29     29     29     29     29     29     29     29     29  
  450:    29     29     29     29     29     29     29     29     29     29  
  460:    29     29     29     29     29     29     29     29     29     29  
  470:    30     30     30     30     30     30     30     30     30     30  
  480:    30     30     30     30     30     30     30     30     30     30  
  490:    30     30     30     30     30     30     30     30     30     30  
  500:    30     30     30     30     30     30     31     31     31     31  
  510:    31     31     31     31     31     31     31     31     31     31  
  520:    31     31     31     31     31     31     31     31     31     31  
  530:    31     31     31     31     31     31     31     31     31     31  
  540:    31     32     32     32     32     32     32     32     32     32  
  550:    32     32     32     32     32     32     32     32     32     32  
  560:    32     32     32     32     32     32     32     32     32     32  
  570:    32     32     33     33     33     33     33     33     33     33  
  580:    33     33     33     33     33     33     33     33     33     33  
  590:    33     33     33     33     33     33     33     33     33     33  
  600:    33     34     34     34     34     34     34     34     34     34  
  610:    34     34     34     34     34     34     34     34     34     34  
  620:    34     34     34     34     34     34     34     34     34     34  
  630:    35     35     35     35     35     35     35     35     35     35  
  640:    35     35     35     35     35     35     35     35     35     35  
  650:    35     35     35     35     35     35     35     36     36     36  
  660:    36     36     36     36     36     36     36     36     36     36  
  670:    36     36     36     36     36     36     36     36     36     36  
  680:    36     36     36     36     37     37     37     37     37     37  
  690:    37     37     37     37     37     37     37     37     37     37  
  700:    37     37     37     37     37     37     37     37     37     37  
  710:    38     38     38     38     38     38     38     38     38     38  
  720:    38     38     38     38     38     38     38     38     38     38  
  730:    38     38     38     38     38     38     39     39     39     39  
  740:    39     39     39     39     39     39     39     39     39     39  
  750:    39     39     39     39     39     39     39     39     39     39  
  760:    40     40     40     40     40     40     40     40     40     40  
  770:    40     40     40     40     40     40     40     40     40     40  
  780:    40     40     40     40     40     41     41     41     41     41  
  790:    41     41     41     41     41     41     41     41     41     41  
  800:    41     41     41     41     41     41     41     41     42     42  
  810:    42     42     42     42     42     42     42     42     42     42  
  820:    42     42     42     42     42     42     42     42     42     42  
  830:    42     43     43     43     43     43     43     43     43     43  
  840:    43     43     43     43     43     43     43     43     43     43  
  850:    43     43     43     43     44     44     44     44     44     44  
  860:    44     44     44     44     44     44     44     44     44     44  
  870:    44     44     44     44     44     44     45     45     45     45  
  880:    45     45     45     45     45     45     45     45     45     45  
  890:    45     45     45     45     45     45     45     46     46     46  
  900:    46     46     46     46     46     46     46     46     46     46  
  910:    46     46     46     46     46     46     46     46     47     47  
  920:    47     47     47     47     47     47     47     47     47     47  
  930:    47     47     47     47     47     47     47     47     47     48  
  940:    48     48     48     48     48     48     48     48     48     48  
  950:    48     48     48     48     48     48     48     48     48     49  
  960:    49     49     49     49     49     49     49     49     49     49  
  970:    49     49     49     49     49     49     49     49     50     50  
  980:    50     50     50     50     50     50     50     50     50     50  
  990:    50     50     50     50     50     50     50     50     51     51  
 1000:    51     52     53     54     55     57     58     59     60     62  
 1010:    63     65     66     68     69     71     72     74     76     77  
 1020:    79     81     83     84     86     88     90     92     94     96  
 1030:    99    101    103    105    108    110    113    115    118    120  
 1040:   123    126    129    132    135    138    141    144    147    150  
 1050:   154    157    161    164    168    172    176    180    184    188  
 1060:   192    196    201    205    210    215    219    224    229    235  
 1070:   240    245    251    256    262    268    274    280    286    293  
 1080:   299    306    313    320    327    335    342    350    358    366  
 1090:   374    382    391    400    409    418    427    437    447    457  
 1100:   467    477    488    499    510    522    534    545    558    570  
 1110:   583    596    610    623    637    652    666    681    696    712  
 1120:   728    744    761    778    796    814    832    851    870    889  
 1130:   909    930    951    972    994   1016   1039   1062   1086   1110  
 1140:  1135   1161   1187   1214   1241   1269   1297   1326   1356   1387  
 1150:  1418  
